50.9414
51.1805
51.18858
51.18858
51.18858
51.18858
51.20333

51.23
51.235
51.30405Tf
51.366
51.4092
51.4092
51.4092
51.4163
51.441
51.462
51.79717
51.79717
51.79717
51.86333
51.86333
51.88
51.934
52.152
52.1921
52.233
52.318
52.338
52.338
52.406
52.418
52.633
52.7341
52.7892
52.81
52.814
52.814
52.814
52.814
52.84
52.87412
52.87412
52.87412
52.87412
52.87412
52.87412
52.87412
52.9229
52.9229
52.9229
52.9229
52.987
52.9979
53
53.05
53.07
53.08207
53.08207
53.08207
53.08207
53.08207
53.08207
53.08207
53.08207
53.08207
53.08207
53.08207
53.08207
53.132
53.132
53.217
53.217
53.3
53.42
53.42
53.429
53.961
54.072
54.077
54.139
54.139
54.1481
54.1481
54.1481
54.21
54.463
54.6053
54.806
54.84021
54.84021
54.84021
55.0417
55.0417
55.054
55.0751
55.11
55.122
55.122
55.2082
55.2082
55.2082
55.3663
55.429
55.57389
55.584
55.584
55.591
55.592
55.656
55.656
55.656
55.7221
55.727
55.727
55.727
55.727
55.755
55.755
55.8047
55.8047
55.94475
55.957
55.977
56.12499
56.12499
56.12499
56.25
56.26
56.26
56.4148
56.52
56.65
56.73
56.7908
56.903
56.903
56.903
57.358
57.41
57.5545
57.614
57.628
57.8
58.017
58.31
58.318
58.335
58.67532
58.7056
58.721
59.114
59.1269
59.1269
59.372
59.474
59.474
59.64
59.64
59.64
59.68414
59.903
59.9267
60.193
60.193
60.193
60.313
60.313
60.729
60.81
61.33
61.41
61.6257
61.76
61.81
61.9438
62.143
62.143
62.143
62.143
62.143
62.143
62.244
62.244
62.317
62.498
62.498
62.72952
62.751
62.822
63.042
63.042
63.042
63.1444
63.15
63.42
63.698
63.72
63.828
63.828
63.83
63.89
64.15
64.327
64.375
64.49
64.49
64.596
64.597
64.63
64.86
64.86
64.938
64.938
64.938
65.347
65.389
65.524
65.524
65.524
65.588
65.59171
65.774
65.78
65.8254
65.93
66.0667
66.2027
66.2251
66.34523
66.3715
66.567
66.67
66.67
66.68
66.98
67
67.1166
67.288
67.288
67.32
67.68028
67.68028
68.005
68.196
68.27
68.48
68.499
68.499
68.499
68.499
68.6
68.6
68.638
68.8292
68.905
69.576
69.576
69.576
69.98703
69.98703
69.98703
70
70.1876
70.28
70.43
70.76
71.146
71.272
71.44
71.5575
72.03
72.239
72.41
73.032
73.06
73.06
73.139
73.35
73.639
73.639
73.639
73.829
74.3367
74.38
74.7423
74.967
75.295
75.335
75.335
75.4258
75.4258
75.649
75.76
75.91
76.03
76.205
76.51
76.614
76.614
76.614
76.614
76.614
76.614
76.614
76.614
76.614
76.614
76.614
76.614
76.658
76.8
77.17
77.267
77.28
77.696
77.7451
78.68
78.68
79.34
79.363
79.8
80.58
80.739
81.664
81.664
81.664
81.664
81.956
82.161
83.05
83.08
84.344
85.843
85.843
85.843
85.843
85.843
85.843
85.843
85.843
85.843
85.843
85.843
85.843
85.9
86.054
87.095
87.1987
87.365
87.47
87.47
87.5428
88.55
88.62
88.62
88.718
88.92
89.369
89.67
90.85
91.03
91.29
92.42
93.647
93.647
94.314
94.7371
95.45
96.55
96.697
96.92
97.071
97.5
97.94
97.959
97.959
98.423
100.4
100.5
101.2132
101.741
102.044
102.2
102.8
103.2
105.9
106.1
106.3
106.998
107.1
107.1
107.448
108.5
108.701
109.2
109.3
109.9
110.6
115.9
115.9
115.9
119.31
120.4
121.6
122.4
124.6
125.8
126.39982
126.5
126.5
128.79
131.2
131.6
132.8
133.2
136.3
142.7
145.6
146
149.9
152.2
152.9
153
154
159.6
160.2
161.8
161.8
162.098
165.6
166.7
168.6
168.8
172.494
172.494
174.9
174.9
176.7
177.1
179.6344
180.6
185.1
185.1
185.1
186.9
190.9
191.4
194.4
204.2
205.1
218.1
219.838
230.6
236.1
237.2
237.8
240.09
240.3
243.9
251.8
266.3
274.8
274.8
295.5
297
299.3
316.4
316.4
336.3
339.834
360.868
360.868
415.7
433.2
433.5
458.611
478.2
496.5
565.7
660.243
674.105
677.104
771.7
773.7
795.9
825.5
831.4
919.1
1042
1050
1054
1088
1110
1192
1271
1759
2566
10510
